slow operations: 24857194
stringlength: 10000
slow: 7.840246899999997 24857194
fast: 0.2740757000000116 24857194
hash: 0.5923142000000041 24857194
